10,19
10,23
10,137
10,247
10,251
10,73
10,131
10,133
10,2
9,7
9,5
9,2
9,3
8,14
8,18
8,13
8,7
8,11
8,9
8,2
8,3
49,4
49,3
49,1
48,3
48,1
46,3
46,1
45,3
45,1
43,3
43,1
40,3
40,1
38,3
38,1
36,3
36,1
34,3
34,1
29,3
29,1
26,3
26,1
20,3
20,2
20,1
19,3
19,2
19,1
12,3
12,2
12,1
11,29
11,28
11,27
11,26
11,25
11,24
11,23
11,22
11,21
11,20
11,19
11,18
11,17
11,16
11,15
11,14
11,13
11,12
11,11
11,10
11,9
11,8
11,7
11,6
11,5
11,4
11,3
11,2
11,1
11,0
10,312
10,310
10,304
10,302
10,298
10,296
10,294
10,290
10,288
10,285
10,281
10,275
10,274
10,273
10,270
18,1
10,265
18,3
10,263
10,258
10,255
10,254
10,253
10,250
10,246
14,1
